Prob 1 Results:
np.dot(x,A): [6 0]

Prob 2 Results:
A: [[ 1.   -0.25  0.    0.    0.  ]
 [-0.5   1.   -0.25  0.    0.  ]
 [ 0.   -0.5   1.   -0.25  0.  ]
 [ 0.    0.   -0.5   1.   -0.25]
 [ 0.    0.    0.   -0.5   1.  ]]
y: [[ 1.17142857]
 [ 0.68571429]
 [ 0.4       ]
 [ 0.22857143]
 [ 0.11428571]]

Prob 3 Results:
A: [[ 1.   -0.25  0.    0.    0.  ]
 [-0.5   1.   -0.25  0.    0.  ]
 [ 0.   -0.5   1.   -0.25  0.  ]
 [ 0.    0.   -0.5   1.   -0.25]
 [ 0.    0.    0.   -0.5   1.  ]]
y: [[ 2.34285714]
 [ 1.37142857]
 [ 0.8       ]
 [ 0.45714286]
 [ 0.22857143]]

Prob 4 Results:
ans: [ 1.19245883]

